O =

     1    -1    -1    -1    -1    -1    -1    -1
    -1     1    -1    -1    -1    -1    -1    -1
    -1    -1     1    -1    -1    -1    -1    -1
    -1    -1    -1     1    -1    -1    -1    -1
    -1    -1    -1    -1     1    -1    -1    -1
    -1    -1    -1    -1    -1     1    -1    -1
    -1    -1    -1    -1    -1    -1     1    -1
    -1    -1    -1    -1    -1    -1    -1     1


WX =

    -1    -1     1    -1     1    -1     1     1
    -1     1    -1     1    -1    -1     1     1
    -1     1     1    -1    -1     1     1    -1